411.107574
789.590637
539.892029
676.637573
514.874146
792.701172
502.146790
890.897217
429.845978
652.053955
817.900452
858.270508
939.045898
825.591553
975.167786
574.641418
479.323120
734.547180
545.321716
611.147156
1155.329834
664.961609
716.806641
701.953918
913.211243
750.301941
763.491699
800.441284
634.523315
519.004578
891.240662
406.551941
551.199890
715.385193
868.016907
519.973267
649.851074
657.682190
983.918030
760.661926
632.895752
787.991272
879.853333
748.951050
516.743713
653.234741
501.668945
621.048157
501.128906
505.020813
962.869934
997.359497
666.531311
558.273987
731.219849
728.665955
480.759918
718.874817
618.647339
744.932678
481.605560
827.351685
638.208740
781.980896
752.284180
700.844971
591.615540
604.937012
655.091309
615.959656
627.341675
789.534973
696.484314
388.873901
919.020691
841.169067
520.150940
1043.935059
437.391388
727.040344
595.058899
701.731567
668.372864
445.763702
778.944214
506.392731
711.384766
1004.237061
558.709961
807.445679
673.484131
731.970093
647.902710
349.207764
561.114197
857.004333
735.341980
914.470215
715.036011
913.064453
506.624603
670.107178
779.481628
368.614655
668.918701
569.429688
1085.792114
766.904236
515.229858
615.619446
607.442505
557.062439
822.899475
656.511536
914.422241
581.103333
716.421692
877.747864
690.617126
949.135681
890.673096
844.533997
754.694885
840.516846
688.140747
869.259460
445.632812
584.637207
629.797668
681.944702
924.147949
847.566895
480.178162
816.787903
665.846497
935.965393
689.617798
706.913635
938.517395
604.192505
551.652588
614.451477
518.405579
611.942566
771.926453
891.925903
799.700317
925.567871
1046.290649
741.970154
932.868530
627.531738
591.851501
732.159363
739.666199
833.922363
697.538513
610.289734
1015.893066
700.632507
489.062653
593.381409
659.554016
585.131348
1008.301147
655.151855
717.986877
863.351990
736.896301
591.545837
536.164490
648.692444
495.761780
632.231262
629.381958
714.039795
742.457520
634.293152
804.795654
654.711182
724.277893
518.428040
767.081482
774.533020
711.358154
480.820343
518.808777
595.469055
557.408691
656.519043
619.985718
594.747253
586.645081
452.793365
559.777832
1089.896484
453.462677
811.817139
489.462463
716.446228
630.909912
683.220032
413.816071
461.296936
840.092896
428.161835
707.687195
617.278809
840.662903
880.557007
602.461914
606.553833
796.317993
485.643311
546.710999
594.220337
677.209106
740.266785
796.838623
747.677307
451.807922
540.556458
705.909912
871.910278
856.256226
556.344482
875.904175
507.786072
577.600159
644.204651
792.540039
721.804321
921.979675
910.813477
712.640991
656.049927
1036.522949
679.462463
776.350769
891.663025
460.110596
750.990173
708.704956
622.535278
799.931091
667.577026
829.946777
1038.095947
797.592773
616.945007
651.860718
612.826721
919.662292
685.281555
906.637634
710.958862
791.820984
677.210754
904.808655
287.608765
672.300720
634.272888
564.635498
870.326416
641.428345
574.744629
616.321777
624.076660
787.859741
906.910583
551.656555
747.246887
964.999390
472.393005
637.461548
626.270203
547.007080
772.539795
804.919739
702.610291
641.503418
564.965515
524.987732
934.010925
739.120178
613.130554
595.861084
378.392670
556.778015
1030.367676
622.598755
489.603394
566.424988
456.905243
674.626465
408.430176
643.922913
653.255371
977.496033
508.801025
741.020020
742.822449
778.922058
503.311798
385.631927
531.013977
457.760223
905.879028
513.339661
504.113556
564.726379
525.856323
641.804321
713.713928
397.325134
714.445557
599.053162
464.551727
530.248840
751.483887
982.292603
727.865173
753.314209
453.116455
825.460693
597.281372
545.125610
597.474915
784.856934
541.377136
715.433533
526.612732
809.976929
555.242065
598.613098
638.162964
689.570312
848.169739
645.995972
785.445557
605.262451
794.590027
596.747070
615.254883
826.046753
540.122131
655.613281
719.712219
681.029053
654.654968
361.406128
966.725891
577.894470
388.604797
427.478699
893.392334
516.897278
626.273682
610.345093
1100.605835
786.921570
520.739624
503.607819
571.094849
399.136780
937.041260
724.271179
878.099243
800.464294
741.561096
584.300049
615.506531
595.491577
767.645752
768.506470
630.741638
641.414001
799.830078
734.105408
764.325378
903.048035
738.389404
660.098206
591.313538
867.581665
465.954163
375.297516
624.079041
441.981812
462.326050
860.009277
639.780884
509.786102
677.704895
1006.776306
549.296692
602.178162
886.334534
563.927734
747.950684
846.092224
482.408264
551.746460
781.606628
444.564545
930.378479
849.507080
721.237793
695.435303
1042.083252
690.831055
1047.047241
1032.713257
803.027344
703.952820
525.828308
1179.534668
826.545166
711.203613
1068.928833
846.200012
446.848541
374.451233
769.957642
524.066772
748.244751
712.017944
647.257568
620.038635
498.125000
647.947754
786.873413
776.512573
591.032104
785.556519
872.571533
638.325989
492.317139
616.830261
940.849548
515.760620
555.854370
621.562195
921.969849
763.441650
689.445923
642.522156
661.037415
904.092834
543.089722
495.737366
785.464355
569.363464
468.042175
883.799438
492.217163
880.965271
509.772888
454.580261
390.505646
778.012939
817.615845
651.360413
678.487000
985.702393
634.475098
591.665344
771.747314
443.415253
686.328552
631.750061
714.504578
837.816284
951.471008
759.957703
946.551331
886.024170
806.755371
793.658752
474.368073
756.332458
767.374146
592.529846
518.333801
759.740112
786.214600
616.798401
491.299530
479.100555
667.126343
794.094910
601.341187
735.942017
763.277832
649.174744
954.587280
744.234131
636.600952
602.447937
523.609314
563.231140
562.804199
511.590302
446.915771
637.720642
362.818176
534.511597
799.779968
762.649536
852.538818
474.265503
866.008484
756.185303
752.290527
647.490784
667.097168
718.926392
900.273438
836.270874
569.499939
805.736023
982.443054
794.707886
1108.789795
637.737183
716.673523
950.687378
769.316833
519.174438
572.965820
675.919617
869.704285
824.202576
624.282349
711.771362
562.123962
421.117493
725.304016
619.268494
966.036072
662.342224
948.868408
869.801941
709.768188
730.560669
778.231079
590.434082
703.989990
1035.320679
759.145996
470.301178
897.683411
777.988953
415.152771
570.284180
755.060608
422.453033
680.035156
718.464050
940.599548
550.028442
1131.022095
605.691528
665.318909
895.455933
832.557190
489.748962
787.137939
480.590820
270.699554
776.366577
653.494446
477.084503
797.823364
897.821167
528.766052
609.456055
793.696960
986.770935
546.872864
377.657349
451.848541
591.604736
745.359985
687.230774
1063.018799
743.298462
771.181458
712.135010
564.119690
868.269165
758.118286
770.088989
998.254517
692.292114
883.432190
617.823669
793.558350
669.762634
626.745056
375.749542
711.122131
617.223633
756.473755
410.552643
634.375244
715.441895
947.449158
913.913574
682.765381
653.021118
392.352448
567.300415
690.898376
938.234253
612.174316
673.270935
692.043457
792.220154
563.088684
860.486206
717.704346
505.217285
837.227539
545.869385
767.965698
787.257080
820.169373
521.702942
456.190674
798.285889
620.033020
554.128357
699.741272
656.301025
469.571228
544.246460
689.244263
767.560059
675.586914
874.764832
686.893555
844.059937
929.241394
764.778992
871.150757
453.223450
556.321289
577.297852
1222.429443
942.728577
741.797119
730.332153
879.145203
887.362915
650.631287
563.990173
693.483948
805.351746
773.004028
443.100250
731.027893
847.888428
715.550964
701.557434
550.989868
750.804016
632.522034
756.471802
606.241760
772.718262
660.867004
608.021606
630.927673
859.137634
613.319580
674.721436
958.950500
830.386230
806.242310
863.871887
658.673279
821.536865
748.338562
744.484497
638.675232
669.389038
985.393921
761.330322
546.411621
536.890381
700.773560
920.270691
818.652832
729.155151
883.271057
663.658997
840.247925
821.982422
962.008545
580.405579
613.120728
543.521057
524.870728
1084.834717
608.694275
769.791138
979.584290
794.061218
780.009644
453.606567
637.413391
736.018921
730.041504
590.597900
834.177979
798.798645
617.655823
520.914429
565.835632
620.959656
927.687073
667.028076
817.083008
893.077820
566.957214
919.343140
772.524963
705.695862
495.737701
436.227905
580.758301
491.481842
704.892212
639.603882
598.309631
596.078918
655.327698
488.813934
1029.305420
611.353943
723.589966
750.278809
668.290161
607.552979
680.677856
547.241333
749.195068
713.626282
890.325500
682.861938
596.877319
689.379150
676.839661
558.480652
551.762390
718.115295
541.683289
437.039429
709.974243
668.056824
697.461548
611.763062
762.812195
493.174774
591.719299
471.945618
558.756409
796.281494
825.525940
1019.439087
637.035828
479.345154
1001.855957
423.052887
486.828827
722.409424
601.204834
732.974609
919.871033
505.384583
1122.142212
659.014587
746.415710
423.509338
724.357178
461.586060
787.274597
807.515442
333.426727
623.969849
692.470276
676.556580
619.408936
598.677551
978.433472
877.990234
989.044617
617.726196
485.874268
451.205750
714.188171
767.665283
704.579712
334.733002
743.734741
494.524109
764.202148
908.625061
870.767273
773.316467
380.103699
670.673706
990.195801
438.295959
434.974915
826.814941
578.198669
491.616241
929.276489
632.298401
884.359741
682.939148
983.732483
486.305939
516.943359
867.350525
709.672974
720.842285
641.912231
662.889160
927.747009
514.736633
706.740417
710.599243
652.363892
361.386414
772.003784
678.509094
811.380066
547.139343
525.331543
702.119690
874.147278
465.883789
409.294403
742.840942
1041.852295
714.122070
522.088196
839.249023
711.942749
808.134277
989.691956
663.237244
788.231812
802.747070
548.874817
787.333374
343.352753
846.284485
828.172607
670.278748
641.731018
770.733521
838.171021
802.876404
539.535278
654.091492
557.850037
962.083679
991.173828
736.576721
865.687317
546.857849
798.356750
540.982605
756.256226
819.532532
435.908630
774.719910
634.744141
706.094116
467.276184
717.625977
924.226318
487.628387
479.502197
514.366211
803.135437
558.852905
762.268250
698.610291
674.348755
307.461700
690.412415
289.218567
755.339233
590.586792
932.237244
642.882568
502.329376
597.414185
658.657288
874.698486
708.882202
923.606018
650.620605
601.956238
681.490601
920.181702
408.729767
665.978027
693.908813
594.357483
611.632324
484.490112
730.497009
666.809448
674.216064
931.925903
870.408142
622.471252
651.980225
432.390411
717.397888
589.484802
745.031738
581.671265
677.113953
820.175659
869.042847
706.833557
719.075928
842.461609
448.776367
722.023560
488.069244
853.152649
688.528564
617.124573
555.374329
714.476379
804.696106
726.556274
597.492798
829.220215
997.340515
657.637024
663.856323
943.855469
921.756592
1035.650391
490.605988
804.675293
763.373352
816.088074
1015.285217
637.680603
489.453522
742.190674
787.520508
727.610718
936.151550
902.231018
608.655884
875.536987
365.448303
541.871887
669.325317
497.912018
708.709900
673.727661
657.426575
571.474731
646.858948
941.054016
422.614655
596.233337
505.054474
763.875366
781.780518
709.602661
769.885376
793.561035
745.803955
848.345825
921.124634
834.861145
1011.709351
678.169312
814.688171
651.761963
832.723328
724.889526
667.035645
559.224243
591.723999
636.721558
454.865326
