878.335999
648.817383
794.363220
395.057068
368.474152
531.786804
954.595703
584.544983
828.080933
786.212341
536.942139
771.553833
565.964050
543.549072
915.776184
527.548340
469.511902
494.511841
431.712921
438.495514
730.881714
381.881927
693.653076
827.787292
663.421143
708.727478
907.852844
862.975830
686.625610
486.195312
953.119141
839.364075
633.080200
640.530396
520.525208
758.783386
544.357056
1159.328125
627.554321
644.327087
811.626404
663.512146
725.386108
753.650452
613.182434
739.586487
474.126221
536.199341
557.118652
478.154083
743.449402
887.412231
902.211914
746.802429
441.992249
707.092285
452.203491
763.768311
745.020569
785.771545
770.926941
481.037964
728.216431
547.982422
896.255920
1018.890686
723.525330
477.519714
609.466370
545.031738
795.308289
984.460938
1010.007568
904.574280
824.599976
632.381104
602.068909
497.861816
771.373413
983.521179
744.069824
499.794861
664.766968
536.191589
784.339111
754.416016
779.418457
844.633301
482.875397
913.867493
683.796204
903.118225
577.078003
611.853638
573.252808
617.590271
942.986328
792.940613
756.356934
967.523865
517.831970
814.916626
937.200073
421.125793
592.685303
438.401428
728.934143
784.493408
604.588989
566.091797
877.214294
888.365540
637.373169
779.749939
688.046143
717.731445
585.147217
455.727692
786.192444
563.920227
482.651825
959.825867
784.714294
827.975769
1056.074219
823.768433
519.852112
739.842346
876.528748
536.496033
721.236206
851.953857
871.348999
724.846252
567.312073
1062.913574
383.009888
613.239868
640.256836
931.074829
797.319031
768.388367
979.185608
534.909973
557.037537
577.722107
588.739319
900.382812
572.418518
490.464325
677.244507
379.663635
641.640625
684.841675
658.550110
945.912292
1006.942566
415.687683
667.667480
851.858826
473.176422
696.348083
449.938324
490.898895
672.493286
807.573120
811.794556
644.809814
804.197510
539.729004
427.345459
753.605042
615.723755
569.199524
771.356445
847.180054
830.959351
769.870911
890.760254
328.055328
479.402191
1075.352783
850.461426
794.762573
682.886047
810.785461
812.304321
690.528992
705.123108
618.683655
673.187500
741.898010
746.732849
570.008911
744.512390
874.696777
532.306885
861.359009
796.242798
715.962463
815.078674
704.048889
466.586792
912.944031
747.095276
612.324341
675.465698
569.351318
781.323547
568.074890
716.800171
683.744995
590.875854
386.765747
429.479614
818.679138
904.929504
712.901978
745.271729
764.819641
479.190765
692.938782
498.649261
407.967590
577.586609
821.340027
636.852661
448.327667
533.167358
931.477173
788.132385
928.886047
520.196960
771.454895
719.662231
679.133362
979.160461
464.934784
858.922485
678.350281
801.742859
865.143555
850.840759
802.221619
471.102325
532.224609
1008.260071
898.805664
906.652588
795.445374
625.078796
573.527344
613.794373
561.101868
701.527405
605.914307
643.384583
471.162231
843.627869
519.323975
862.220825
422.976501
615.212646
799.760925
667.137146
436.249634
476.199432
573.904846
841.205872
839.814758
667.939697
368.073792
480.875916
535.311768
975.244446
816.076660
590.140686
821.430908
493.733734
460.303894
784.134399
619.718323
807.933777
896.132568
664.736084
644.631653
524.793579
747.061890
470.158020
702.799805
511.283081
700.308655
522.497681
356.059326
682.710449
641.336548
988.901550
874.148315
943.601746
685.741821
581.501770
510.924377
506.170959
539.492676
647.365295
527.080017
609.579468
913.276611
765.612000
829.062927
583.905518
571.701111
528.784180
944.495911
836.916321
602.101562
678.447021
883.906860
446.317474
519.796326
678.301514
636.692383
745.375000
550.736633
694.096863
791.849670
861.394104
368.925659
830.609131
717.677185
655.744202
752.969177
374.359467
724.503174
544.580505
783.696472
451.739410
673.720642
459.131714
743.761719
603.408142
697.518433
617.441833
631.341553
879.719238
881.152893
610.210632
881.576599
747.773682
660.822205
626.803040
750.743286
801.051147
869.793030
806.085938
551.130676
625.356079
421.585480
653.005859
956.219727
715.045959
593.318054
548.974487
837.225220
539.778809
867.211243
394.525818
925.693359
602.384338
394.862396
796.488708
403.774170
635.064331
887.763916
466.615906
489.448242
681.800049
381.105804
732.179443
623.902344
892.406616
1004.182922
746.511658
639.734680
571.878357
811.941162
768.740601
690.770874
523.009888
395.762299
649.458130
830.278198
725.384583
653.153442
1196.816772
693.253296
486.055786
757.921875
544.334961
454.296265
705.113464
543.871704
629.932434
663.367798
564.947021
666.218689
296.856476
1010.667847
771.724915
909.218445
677.263184
941.454163
495.915894
802.535461
865.479736
620.484985
580.315369
473.407349
543.569031
770.381409
691.324463
573.180969
601.651611
877.926636
886.797546
535.181580
626.563904
763.820801
653.975708
457.585541
552.082031
666.887756
809.690857
824.777832
628.173401
704.390015
640.362366
994.744873
894.307434
430.738190
794.283569
551.874573
591.029846
842.669800
629.962341
753.636597
910.655090
915.775574
661.975281
584.066345
719.186523
796.602112
707.863464
400.672760
616.850403
720.243347
983.556458
850.182556
468.753754
580.439331
1033.134644
1154.423584
578.218018
746.937866
754.636292
536.323853
816.090881
633.074890
710.938477
625.215637
574.391296
792.304199
616.578308
750.116455
476.579926
751.309143
735.609253
863.845459
740.147217
753.234558
842.639160
837.792175
781.393250
745.675110
513.966858
934.922363
440.873535
568.161072
832.033997
765.763306
671.077515
391.383118
670.039673
799.008423
565.785828
938.981140
277.222260
407.297821
519.914673
544.419189
692.862427
655.272400
911.062439
574.701477
792.542786
612.401855
590.034912
793.973267
568.841003
673.365112
406.475769
879.334045
726.025391
669.986938
662.604126
840.241760
456.876038
590.833496
622.513367
873.829468
894.887390
777.724854
763.853149
672.115051
571.817627
889.471069
413.980347
711.287048
587.996582
740.026855
618.510681
482.844086
796.122009
858.633911
677.990662
528.969543
751.180481
435.904449
647.799500
814.026855
856.724792
465.148163
908.476135
602.187805
534.237183
1014.221619
873.795044
792.056091
728.328003
1207.826050
668.393311
682.503052
884.177795
483.390869
1046.687988
611.004944
614.119263
470.298004
760.436096
706.131042
708.943054
691.986572
509.290588
636.429077
758.742249
924.093201
545.362854
738.787903
672.748596
529.125916
787.550781
515.008423
913.676941
606.784790
736.266541
439.347900
1074.833740
722.158875
498.266510
607.272827
671.683777
831.223267
845.960388
923.826172
754.707336
945.625427
708.663208
686.928528
756.625000
844.470703
752.129517
509.227386
749.307068
612.934265
638.704895
745.774292
846.649536
973.336914
695.716797
314.160950
593.718811
532.245239
585.559875
499.766479
604.966431
522.043945
768.841187
640.148193
767.402344
864.632690
529.316589
712.466980
541.831177
639.021118
958.207520
653.816284
473.607635
482.126434
518.196533
539.486755
730.174377
763.113281
863.010559
994.436157
608.501404
675.341553
718.233215
455.639496
501.281006
538.756775
977.711365
750.817871
499.512329
939.071411
858.465271
390.259064
584.150940
448.850433
781.410645
571.800415
1028.277344
656.305664
806.801636
974.221252
380.910492
989.568542
444.912903
474.044861
902.121033
678.868591
772.616699
934.809265
625.743164
1004.929810
671.912720
684.823303
497.486694
694.153687
932.437927
853.230164
597.328979
817.884521
691.932007
499.851135
620.454834
557.544312
666.365845
829.271912
866.003845
772.312866
1049.343872
659.093445
655.300476
789.046143
768.517517
610.571045
718.132141
835.012329
694.931885
774.239136
780.890869
567.024109
589.867188
973.901672
679.974854
581.630859
486.996338
1075.022949
577.890747
767.965454
1030.226074
676.241577
938.207275
1004.403687
594.829651
684.321960
559.992615
564.711060
801.613647
483.508087
523.521179
496.111694
539.449463
815.689575
830.369080
596.273315
721.590088
638.533875
882.445557
614.206482
638.395386
931.363708
856.803101
904.088257
496.825806
878.481323
746.151672
648.184937
481.906189
546.318787
572.235413
553.390076
522.711182
525.333313
608.540588
382.164734
464.609161
887.537292
635.160583
420.890167
632.103088
669.972412
533.047058
538.145508
638.126709
749.279175
569.728760
698.880188
520.892334
841.577698
539.214233
619.251099
379.586792
428.093658
632.678345
804.643738
397.394043
1012.727539
758.109436
895.483093
722.204285
495.093140
908.930420
484.567352
734.872559
692.296936
852.004700
553.391113
583.755249
672.563049
561.885925
807.909363
612.059265
516.176514
529.610901
415.551636
617.647339
799.756165
630.796570
515.321289
805.596375
1078.459839
608.441589
527.382324
804.656799
649.359192
505.794922
767.337158
471.436981
748.049622
629.929871
857.261536
680.189575
900.808960
857.686584
855.069092
598.262390
622.193970
710.868835
475.179535
831.385071
857.492615
810.529663
798.529846
723.436340
694.192932
893.016113
839.961243
839.393005
805.062927
887.523804
761.418213
371.912598
925.958984
840.676636
411.711731
682.539978
897.450989
578.733032
985.256836
736.540955
511.890869
752.230896
680.787354
716.883850
647.981506
809.557434
961.658203
845.573303
982.944214
792.004456
726.731812
963.597290
863.959534
437.976501
786.952820
414.548523
1039.940552
629.302917
500.547760
778.124878
784.025085
819.426697
566.049805
495.514221
798.693970
415.162262
539.340576
731.313599
623.039429
627.575439
713.054199
529.145752
625.744263
759.682129
937.820435
548.749390
721.401978
938.636841
761.802917
779.708130
472.694489
611.188904
873.237549
696.093323
692.075439
656.615906
329.480896
780.537842
577.051880
720.609924
430.744843
860.945984
638.870056
875.811035
552.074219
604.177002
406.598389
841.174133
753.697876
605.165771
599.665466
792.556213
748.819092
487.710266
793.516724
628.238281
621.693237
700.787170
539.860107
1046.546509
748.038208
783.274658
692.163635
707.862183
663.875122
744.727661
581.279297
878.426697
590.830872
559.369690
546.771423
839.131958
707.293457
575.441223
522.400269
651.120728
677.625366
508.906464
1007.162720
690.921875
646.551575
493.286011
585.579773
978.928284
1138.403931
724.462952
507.266541
572.468628
479.423004
702.510254
866.717346
936.473572
1041.134766
655.117249
515.062561
381.249176
872.913208
705.068726
708.805359
1038.191040
552.778015
669.908691
439.222961
761.606262
752.429077
873.900146
853.583130
800.058838
444.147491
536.554199
799.994690
772.466553
480.692139
531.846497
654.054504
551.375977
642.509216
499.969086
798.583679
894.957458
885.063293
892.010437
1007.249573
1188.732422
649.155945
680.322815
503.565399
762.910339
545.928101
813.129211
696.931702
337.641479
990.739624
743.811584
805.676392
721.855469
779.460327
856.117432
521.745300
884.198914
818.617981
455.054474
776.191284
950.991577
792.975830
658.559265
542.056396
731.258301
702.038086
715.073975
711.093079
804.924072
555.061340
511.425598
792.701172
809.239380
634.458496
791.612122
540.296631
864.117432
550.232300
928.475220
473.842743
830.565369
664.354492
602.909241
625.898926
766.274231
929.612549
734.299805
589.856262
806.104919
659.814819
536.989075
610.829285
701.746948
791.279114
537.599609
572.817383
