705.729614
774.112549
609.415100
641.973999
546.028870
567.702820
773.597656
554.968689
778.315063
489.393463
577.096741
728.167847
860.490479
555.003601
693.494385
492.804565
401.220032
599.699402
537.389099
742.886353
590.894409
793.004639
686.918823
554.570618
644.026184
603.416565
461.372742
900.775146
498.487396
607.962219
1009.375916
548.715393
547.356812
747.435547
712.443359
885.271301
680.272461
655.855164
543.278931
437.353546
817.145264
816.732910
562.118652
405.913574
840.663635
678.336487
632.189453
685.626526
754.534729
838.786316
839.386902
794.340820
775.604797
519.096619
692.463257
659.078430
559.756409
1036.252686
478.796417
965.629822
848.826050
967.666687
797.207275
721.595093
650.588867
778.316528
991.693848
681.374573
528.411621
636.260071
688.065247
482.047852
472.706299
714.447693
930.698730
616.285034
735.184021
1005.478210
433.276062
717.300232
916.398926
615.185547
757.904968
586.441162
662.293701
592.216675
949.151184
976.756226
689.470459
453.602692
938.800537
634.279175
623.522705
624.414246
412.159180
543.462219
946.159973
761.976501
905.115417
572.207764
