589.536279
485.824348
587.802434
486.516693
445.022890
536.860322
711.264774
676.022059
766.918516
508.078565
529.133589
759.789566
528.344558
553.033044
522.391732
458.058232
473.970358
561.343863
561.389011
589.137290
694.505635
571.858109
480.410740
676.654978
550.315392
571.389235
474.765068
611.580729
492.953448
603.184823
657.359528
507.442344
509.273283
572.869753
563.801194
471.964465
485.401071
547.639541
539.315927
498.851169
529.908476
567.838219
487.002115
500.933034
630.240971
606.356442
494.226353
462.310275
535.891308
461.946839
605.622097
746.397558
549.754050
510.999965
480.259826
532.945157
489.147502
701.259393
513.874834
695.240472
505.036449
485.855912
526.298752
483.561785
639.020866
746.114283
625.134624
665.726880
506.687174
508.223119
558.599605
749.670609
654.647959
543.434211
721.106234
517.194348
509.171350
653.411249
573.660933
745.325048
510.050163
577.710906
683.782802
512.165249
630.526597
517.686948
584.169362
743.300794
491.218077
742.834966
648.899136
523.414067
630.160688
442.694291
460.522885
481.243160
684.257015
700.674577
539.074469
743.147749
