446.645142
803.617859
543.316467
712.070862
499.843842
749.877136
514.947083
850.293579
428.556366
681.539307
860.315125
859.666931
953.155212
823.657532
970.265991
631.221680
511.195343
762.879822
569.407715
553.449097
1166.175781
667.117249
820.423889
812.038818
916.207581
764.923706
740.823059
800.441284
634.982727
551.338379
901.568359
465.535431
670.091553
702.808838
852.076782
548.584290
606.149658
781.301575
971.440063
778.579956
652.282776
841.623535
890.427979
770.099792
559.998169
705.878906
489.144104
621.458801
503.120453
545.903320
1030.131714
1018.986633
625.096375
573.686157
740.767822
739.838989
484.023376
726.627686
632.142090
731.214966
510.609985
819.934021
723.245605
790.289490
764.369812
792.656982
622.240906
621.607239
598.457886
615.959656
587.851685
918.406250
759.206360
405.314667
919.020691
851.854675
538.396240
1002.207336
449.503906
726.671204
625.089355
696.344360
751.128906
507.019714
860.528259
494.893433
743.825562
1024.438721
565.366882
794.315796
778.011780
777.852478
696.915283
515.010071
571.938477
907.831360
751.997253
899.488281
736.164490
848.157410
503.335968
666.756653
792.993591
390.077789
652.066711
597.424744
1002.210876
755.444214
535.485107
637.817932
609.098511
581.271362
851.396667
684.411499
984.260559
598.352783
706.614868
901.892029
661.434265
1000.181396
890.673096
798.572754
792.851685
791.812805
680.706909
919.701721
437.852600
584.637207
594.077698
724.835632
934.222412
865.737183
547.772827
842.678589
587.168762
935.826477
764.735535
815.467773
947.433228
653.176575
529.430054
654.875000
521.686951
628.483459
795.649963
891.925903
794.943848
985.741577
1065.817383
759.717407
930.009644
604.787476
674.929993
753.145813
692.332458
820.654846
702.467346
613.923035
1028.016602
720.888550
487.751007
656.327881
659.554016
578.757263
1074.371216
660.434631
783.785950
910.622742
739.467957
579.762634
513.826050
661.565247
495.611542
600.271851
640.266479
732.432373
742.453369
632.387451
831.245483
696.579773
724.277893
450.435120
774.979126
791.113892
696.279785
519.526062
475.464111
595.469055
571.858154
698.576721
610.918823
619.343506
576.897705
432.601868
569.144897
1087.543335
440.948242
836.341187
547.150940
626.293091
630.909912
691.615417
416.971802
534.255371
858.476135
423.604401
702.851318
602.623718
948.946411
842.229248
622.955444
666.436829
757.475403
486.526367
566.802368
600.449158
689.416626
781.704895
846.642151
753.677917
443.786560
531.548218
785.642029
863.190796
857.774902
572.598389
877.799194
545.830139
620.052246
662.607971
856.113159
914.781677
976.403137
979.278564
745.548218
662.252319
1090.829224
672.917725
800.494446
1016.081299
457.807190
765.487610
748.476135
627.526855
801.105530
701.065002
825.130066
1070.231689
814.486450
688.904541
620.430603
567.556030
949.602844
691.503296
908.859192
752.837463
862.781494
632.283081
981.306458
390.939056
619.895508
647.853577
594.722778
869.718445
641.428345
558.143616
567.730225
646.104126
711.441528
960.539673
627.058472
766.969055
1055.638550
465.832550
695.644409
656.209106
604.883545
833.869019
845.488220
747.397217
620.346863
578.965271
563.895325
965.258789
779.284973
620.144470
703.845520
422.394409
604.746582
1045.653809
801.750122
551.472961
562.404663
463.023529
655.697876
408.450958
714.006042
667.892090
1004.934692
513.531677
709.433838
782.095398
782.208191
534.914978
440.993500
532.979675
483.122803
915.111206
508.294434
508.793976
581.067017
527.495239
593.184265
717.042542
412.056885
759.421448
594.515991
444.363586
529.478149
785.268433
1031.538696
746.475098
762.408508
498.295074
940.712952
593.206787
581.584473
624.481262
791.572327
568.083679
806.859741
552.708984
842.687439
564.274780
638.334045
665.203552
744.027283
840.266846
660.504333
807.548523
596.639343
801.339417
593.112610
636.016663
789.637878
549.584229
675.410889
732.426025
656.293396
712.676392
353.027649
1004.000977
585.712280
404.137268
430.778442
900.478699
551.738342
553.674316
617.976868
1170.079224
864.488770
523.225952
595.507507
581.766052
413.170227
1086.063477
747.802856
893.228638
770.810852
733.313049
515.978333
568.323608
644.737061
769.528198
796.116821
722.106873
600.126099
820.077881
795.345276
779.174744
904.721313
803.426331
693.410095
662.808960
879.070007
608.546204
497.694183
639.366211
441.981812
514.429626
891.420959
586.362793
509.860718
725.736511
1055.376099
464.365082
659.622986
815.452637
576.549316
715.780579
846.092224
564.944824
538.816284
805.364807
410.686096
930.378479
870.818237
721.237793
703.769287
1028.239502
723.705627
1033.854248
1035.262695
809.137817
812.237793
547.656677
1168.503784
828.858826
757.319763
1060.816162
938.546387
433.181641
429.809662
787.486328
486.033264
734.585571
740.149353
706.376709
733.012634
504.466797
663.891907
815.551758
773.050049
607.913208
855.017517
956.152649
692.872498
637.898193
605.683960
936.957092
482.375214
586.313660
710.402466
933.425537
797.908630
689.230286
683.635986
636.115906
904.092834
608.826111
468.528137
797.532593
586.982422
467.347107
842.567871
543.461853
883.571594
504.395844
454.580261
437.173279
780.240112
725.206604
689.526428
690.674194
965.836182
607.317932
609.101624
762.109375
448.374939
687.611755
679.885254
692.485962
850.334839
939.257751
747.981750
958.133545
941.024475
745.327271
804.800903
491.983398
753.223083
786.119141
616.727295
520.299438
766.548218
821.209473
616.798401
503.567352
499.956940
685.172668
801.486450
592.920898
735.942017
768.580200
629.134949
1018.625732
828.751709
646.705933
592.977844
537.996338
581.109192
515.160400
627.880066
457.203644
692.120300
391.136505
564.135620
767.188965
770.216858
881.932129
470.061218
866.008484
772.115173
765.005737
650.627441
690.176941
819.637390
839.730042
881.716492
576.337952
815.624512
978.955566
816.654114
1108.789795
650.676575
815.565430
994.586853
756.951904
493.628265
576.161926
675.919617
882.558411
855.410522
625.046265
715.133789
605.851440
421.583740
703.630920
624.562439
958.012390
714.169983
948.868408
794.326111
709.768188
703.201843
809.439087
590.434082
822.435669
1050.398315
723.572205
501.299744
896.541016
833.632263
397.910889
637.703064
756.274719
476.624939
743.481445
817.677490
948.607056
550.028442
1094.672363
672.738831
685.075256
883.251160
820.811646
490.668640
846.644043
511.155304
403.647614
750.108276
677.215637
506.240906
812.444397
913.350220
608.019470
639.381653
804.847412
964.507690
598.700012
378.597839
480.826965
635.946411
710.839478
752.719971
1063.018799
750.579773
803.299011
678.181213
655.932861
922.429688
713.230164
776.655823
987.358643
775.473511
893.462341
580.738831
890.831238
651.081299
611.480530
389.721100
718.744141
646.595642
756.869690
464.971588
648.426147
727.275696
1006.186218
907.719971
692.670410
653.438843
443.139130
641.396423
733.807556
915.378784
703.465149
658.857666
722.389893
848.375427
577.561157
867.305603
706.213196
534.043091
889.524963
545.869385
752.246216
786.165649
781.674316
555.717407
465.545685
766.509827
617.440552
674.590454
825.722229
683.615784
481.407715
561.448547
644.574402
771.252869
805.062744
944.725281
701.255127
781.375488
993.010681
769.734009
939.082520
533.875732
586.229736
578.833008
1218.051636
1019.657776
753.915039
693.748230
936.769958
870.511597
693.481812
546.133301
629.397766
838.032410
787.374268
449.405243
711.307678
836.452698
680.644836
734.911621
552.243835
784.021729
578.699036
782.875244
618.350952
789.152344
655.857300
620.728333
621.737732
840.105957
651.572876
662.654541
972.584534
836.956848
836.281250
889.326355
686.603271
775.646973
768.486511
787.003052
623.151978
693.782715
1010.447510
765.570679
611.050476
536.721497
743.291199
888.199341
852.159973
707.946899
843.762451
683.568115
808.767212
819.776611
989.817871
625.495605
609.994568
571.453003
546.893127
1100.190063
610.465881
754.958313
909.507385
758.815186
816.468628
450.914215
630.929871
774.927063
730.306458
600.457092
867.904785
833.783020
614.584167
540.914490
616.794556
657.990479
905.128235
697.833984
778.274048
912.455505
585.409180
926.731689
780.848999
777.692444
452.913391
448.363770
649.951599
508.169952
720.711365
639.603882
636.472839
573.105042
672.761963
524.995728
1046.558105
605.157654
732.198792
740.539856
674.224548
567.534546
685.284119
580.081787
771.586060
716.811707
903.041077
679.729675
581.032043
693.346008
660.989136
580.112305
577.110107
753.698425
615.765076
428.826599
748.862122
705.947876
695.643005
602.829468
774.650635
539.359070
544.129395
455.805115
574.876831
775.644470
833.387390
952.927734
631.149475
476.394684
982.135620
495.772705
486.347870
762.851074
651.545532
758.123657
948.689880
513.109497
1180.159668
694.635132
729.226013
583.266235
736.183105
461.088776
778.070190
851.512329
446.084198
627.769226
700.228638
641.736511
613.849365
595.415466
998.989929
866.784363
1043.564575
638.167847
434.214478
440.315887
756.913635
807.626160
663.403137
386.669525
737.163147
471.745514
745.195251
982.674377
906.827637
780.032959
376.177399
660.834473
990.195801
472.167267
443.780823
844.166870
548.118103
530.938232
931.752319
628.966614
990.608887
741.184204
1015.013611
469.091309
610.890564
964.142334
705.275574
721.040466
625.262634
709.742310
962.309998
574.836548
707.005432
741.096252
665.356384
378.861176
832.868408
768.319763
816.221069
574.805054
552.911560
699.104797
884.182007
514.397766
424.466858
759.902283
1066.946655
731.246826
622.338257
893.369568
683.627808
881.947388
1062.872925
747.612183
814.746094
835.350708
552.334961
780.278015
292.854858
836.921387
851.157776
712.273682
650.725830
808.147156
789.978516
802.876404
540.766052
640.174561
573.112000
969.010376
1024.102661
811.044495
920.440735
578.294617
836.167053
543.496826
748.242432
692.603943
486.196014
777.205627
681.191406
707.830933
494.808716
747.084473
938.405273
529.462585
483.578979
518.662231
823.096069
529.483521
762.540710
698.610291
642.292603
297.780792
668.333618
299.181396
774.219238
639.694519
950.186035
710.263428
485.528320
674.502991
725.966431
855.594971
712.546692
923.606018
655.755798
605.109375
730.711914
965.792847
391.276611
756.147095
725.635193
604.155457
686.152466
523.399841
768.993103
739.027832
698.648865
944.632568
971.446838
633.424255
728.418640
432.390411
771.701660
613.600037
755.939026
579.826233
750.322327
839.335754
854.795227
762.000671
709.722717
771.145386
438.051941
746.130554
476.231018
850.350220
695.536987
603.978882
555.374329
738.268799
897.273254
747.028931
633.409668
861.464111
1076.886963
635.509583
654.550903
897.969421
962.402710
1064.953735
509.442291
780.319641
789.829102
801.357422
1021.103638
637.901367
505.321014
721.880798
901.069824
767.024902
1000.440002
902.231018
635.032349
859.133423
385.785583
566.020203
690.235657
454.155334
750.999268
676.622986
658.477356
606.821960
694.320923
938.595154
434.497467
622.549438
518.421204
763.839417
782.041931
773.447815
769.518494
819.414795
780.392029
848.345825
858.335388
824.954102
1042.230835
650.190125
833.133240
698.929443
883.012634
807.695801
683.823853
570.934998
589.660889
522.585144
415.875183
