665.446777
776.466064
935.644653
549.597351
444.433197
428.541382
477.422485
715.203979
873.638794
876.047302
859.194031
913.582214
594.163269
743.796021
761.898499
636.097107
595.228760
816.124268
561.334290
660.276611
882.234253
456.217651
692.484192
738.742920
968.766846
1043.741455
484.180023
703.085999
574.034546
876.533630
1260.916504
487.328064
557.782959
605.423950
796.481384
489.165192
581.729187
622.891357
772.464722
813.707642
639.768066
542.266479
482.565399
676.495667
1002.244507
803.776306
590.725586
431.313934
623.164734
499.563751
670.205750
661.406799
603.415466
567.366028
773.271362
427.669373
649.890015
829.679871
854.743469
456.936157
605.334045
525.091797
581.395691
598.940979
708.264099
717.083984
638.426697
674.480957
538.679321
823.865601
577.403992
986.598877
536.775391
359.921631
915.449158
588.185791
638.093811
714.988953
755.252014
878.402161
621.880371
733.330444
670.852234
499.226654
849.701050
776.242188
693.724121
892.118408
339.944000
743.427734
625.190125
827.693420
675.175903
751.960754
528.747375
492.429596
929.975159
847.003784
470.525543
762.681946
836.341064
667.388428
436.975250
466.712616
773.090210
697.507629
615.917297
507.456482
628.895264
785.092041
934.209534
889.753540
821.012756
606.281006
578.530151
568.317200
839.550842
983.673828
523.092712
518.002258
584.903503
892.114319
646.793640
636.697510
643.799072
531.148865
624.770569
564.464600
796.846375
512.509705
554.432251
703.845398
645.217346
754.864014
453.337738
562.092102
687.430664
872.567078
840.545532
695.848083
526.857239
634.155029
405.796692
699.655579
542.509277
685.414673
741.519043
753.351929
1021.689575
550.591736
586.930603
668.176208
496.840759
610.846191
847.994141
803.719482
869.832153
673.792664
625.443970
577.523438
674.026611
748.507812
673.945740
607.849854
818.014771
611.897400
783.632324
540.433167
638.940186
726.562256
559.839233
736.422913
695.140442
785.108765
727.498779
1128.168213
808.218689
487.885010
802.631958
446.356873
561.884766
700.651917
783.355652
909.447571
639.295105
726.514404
435.511902
776.472900
552.323547
691.569275
760.105774
417.609436
998.469543
533.444153
594.369324
685.259949
685.367188
987.824646
496.709869
749.148621
819.104248
885.615662
693.532104
885.895386
477.646454
516.770630
617.697876
520.099792
633.469604
566.834167
737.137756
595.647461
1031.081665
636.539124
435.952820
642.137939
647.919495
991.133728
481.043945
674.104370
427.756470
683.177063
545.227966
933.680664
713.934753
453.347321
792.984131
788.628418
621.533508
864.057312
374.088623
591.823425
583.389404
730.431152
602.651917
647.746460
824.412781
472.398193
702.358948
460.112366
652.567749
543.090210
463.104187
783.013184
1057.747681
609.708557
839.349548
574.267212
966.077087
787.917053
555.431946
540.369812
834.636230
544.242554
924.930359
616.966064
784.965149
601.235718
534.926147
605.058533
726.111511
428.651642
786.882874
911.332397
666.547668
601.934326
644.050476
621.705139
484.245514
505.642883
891.877258
621.811401
610.462402
774.765137
638.641602
613.486877
559.768066
887.448792
700.346130
499.085754
536.737244
694.536560
540.504883
786.637756
748.597351
674.458740
806.359863
464.888153
612.175781
593.879944
961.793274
700.580994
651.885071
555.648743
827.887024
764.043152
654.631409
892.981995
993.637512
702.270691
1096.554077
467.489624
595.267639
602.502808
621.442383
594.249573
724.345520
737.784790
662.889465
650.161255
420.495178
759.460144
624.373718
798.515869
755.211182
831.098328
488.469574
514.702759
792.754150
513.036926
701.711853
566.092468
784.434387
849.849548
448.553680
630.980835
672.281738
782.981262
831.261963
786.150757
635.700684
480.094727
599.797424
761.496155
568.519165
785.335876
696.606323
686.074463
602.921875
1153.925293
469.281555
608.234253
762.841614
573.689453
717.020935
571.221619
556.644043
888.635742
802.928650
1249.369385
640.379700
612.363892
514.705322
635.857910
746.784912
814.464233
792.604187
329.088196
387.527191
886.071594
709.429077
587.574951
531.745300
599.768616
647.654358
1096.082397
566.047363
1037.540405
728.993774
623.119751
587.415894
732.086182
854.482727
799.585327
989.487183
697.108887
639.358459
778.877991
792.539062
562.737915
829.553711
964.580811
624.423767
557.012085
732.464233
1016.559082
835.566467
596.483093
651.044556
472.566010
824.160339
698.131470
731.717346
554.744202
696.551025
594.522522
492.675537
810.546814
817.104919
591.734497
753.368835
633.503784
493.263306
600.557129
469.677063
835.808960
589.464844
800.941956
711.919434
736.926758
765.315247
920.512817
951.164368
474.604950
614.330872
664.514221
931.619507
549.529053
778.275879
607.849487
618.307983
479.459290
696.813538
867.307495
682.206909
511.787506
700.600647
428.333679
680.125061
516.758362
871.228149
856.446167
856.414246
796.304626
651.051025
714.018921
597.823242
723.999695
811.078491
911.658386
1024.282104
678.183044
798.804749
583.000854
791.320251
641.049805
703.249390
734.251526
808.365356
796.323242
595.269226
678.338928
815.115479
616.592224
598.022217
626.015686
625.638733
601.124695
528.584045
693.302307
927.987183
577.495667
615.120300
594.385254
534.924377
716.946899
940.740662
685.893250
753.795837
592.659607
630.708252
790.367004
527.216919
611.889771
754.183350
1054.743530
849.371216
573.506714
484.255157
676.076965
711.178894
513.135315
815.635315
839.914062
595.377930
754.641785
640.927917
656.987061
499.276764
710.398254
776.427063
956.076477
799.454590
848.371887
669.517151
877.781433
509.912140
687.298767
890.216919
396.808716
480.263092
641.029419
520.122620
602.535278
508.524780
475.454559
671.071655
656.106506
854.251282
539.936951
676.250427
858.826599
583.576050
631.552979
725.755737
877.007751
503.069000
790.984924
953.025024
540.614807
840.177063
694.859192
700.847778
735.560303
895.104980
961.152893
387.445007
598.730774
687.780640
519.342041
447.234375
642.669312
942.554077
728.520264
809.237671
912.639282
664.388306
495.751434
655.796387
850.093323
650.069946
829.200928
426.020874
777.293274
679.561584
1061.766113
652.159851
891.266785
499.024811
869.932068
707.506897
545.087646
868.956482
643.149963
926.288330
863.571838
614.014832
861.308044
692.575867
733.988953
789.664978
684.770264
447.577087
579.239380
804.104309
996.965942
828.896667
755.989990
871.681519
471.893616
580.482117
411.216675
681.386658
734.166626
840.748474
723.853271
821.672913
527.333252
733.973755
570.236572
769.409973
680.799500
737.390076
623.177551
609.267639
602.469055
442.235168
736.721802
985.786560
733.183655
903.730530
549.450378
825.199524
572.890808
789.285522
1272.891602
616.074158
801.062622
653.183960
498.747803
706.225830
767.387024
540.524902
442.994812
644.083557
783.802490
676.156677
847.890991
631.251648
650.652283
811.966736
677.354004
769.419678
627.130737
907.449524
603.014709
834.649902
650.090881
685.758728
648.752136
1051.897949
604.984436
481.447205
576.461548
346.945374
887.568176
719.322754
726.705811
716.844971
587.267029
764.808105
965.963196
678.821350
1193.748535
888.854187
584.621033
931.863525
609.340515
1022.632324
423.993958
826.376038
797.660095
657.517761
677.960999
724.784363
547.674500
935.733521
824.469666
566.165894
508.015594
773.457397
628.928223
641.480164
941.511047
737.913818
630.806580
695.354492
676.638550
831.370361
652.319275
574.695923
964.088257
773.548706
826.946899
776.536499
906.937439
647.682495
568.423584
930.872864
585.925049
799.118713
478.554962
732.637817
625.784363
714.483032
617.118591
816.272400
675.158081
735.775696
745.950134
605.934875
689.810242
1034.015503
570.499268
648.155762
643.493835
664.372009
664.829773
513.300842
435.274445
918.351013
561.593262
571.345703
613.170166
570.010803
905.246338
913.929138
700.233887
822.204529
604.593262
498.359741
636.410950
900.784241
834.423828
722.811035
582.107605
769.565430
715.866516
613.765808
663.682861
819.342590
939.036743
585.538208
605.288025
764.460327
1097.939331
756.314880
801.301575
538.086792
880.943359
371.968353
659.814819
843.954285
713.880676
418.128693
684.225159
681.543152
573.230103
946.939087
665.452637
731.730469
709.668213
733.973572
658.982361
878.225342
611.319092
617.449829
488.466797
599.598450
797.752930
681.794067
573.641418
593.636658
446.928497
604.823486
855.875977
510.292755
758.356384
802.057495
987.162842
690.921570
367.595551
725.524048
575.500977
565.727478
712.210571
630.054688
835.783630
615.590454
672.740662
758.886047
697.137695
1048.197144
447.601105
709.741272
669.824097
546.349609
446.315002
590.332764
646.918396
762.503845
507.296906
728.723938
873.767578
668.043457
788.478821
708.042908
674.937378
499.333649
829.249695
640.305725
479.140564
596.813110
635.734192
665.729675
710.968140
684.833191
739.869690
704.614441
497.154663
707.913513
823.804321
910.280823
623.937378
604.296997
807.842041
908.061462
555.873230
711.417297
743.864563
779.021912
706.714722
894.951294
897.138977
549.851990
499.648590
558.553711
626.464722
873.904724
1064.653442
895.121582
859.176880
514.847351
814.238831
806.414612
977.011780
824.657837
668.051514
600.455383
785.911133
631.503906
517.280823
553.285217
523.880920
526.783081
413.723969
925.856323
978.763123
776.780579
965.319031
703.745056
793.218750
773.608643
659.548584
566.814636
415.508759
562.642578
808.083679
652.180054
701.337952
460.624908
579.975769
837.112366
889.061401
466.625580
762.820007
435.514526
840.784912
841.590820
818.222412
617.312866
862.949829
905.850464
1078.449097
535.504333
685.462891
754.213745
567.918762
801.437988
574.003784
681.305237
420.203735
720.482544
817.928528
648.937378
856.492249
772.348389
513.094421
827.934265
649.875671
772.960632
815.232910
594.729126
774.593811
562.585999
654.644653
851.574097
766.439392
1014.356201
1167.983276
942.995422
834.967346
655.795837
996.847473
917.816650
789.166077
672.052490
558.779724
338.066711
817.886902
417.923706
797.476624
896.328857
761.165588
546.333740
471.080200
542.215576
904.824463
478.305939
999.962891
627.878296
698.900208
708.851685
658.908508
421.381805
969.871094
835.369568
782.511414
740.665283
523.191162
856.670166
684.973267
603.852173
719.149109
483.124023
648.419495
647.271301
852.026855
1049.306274
953.065491
808.151794
570.525635
786.129639
779.192993
648.589172
840.635437
819.578003
790.990417
451.046478
731.972839
556.849548
776.674438
640.166748
648.250671
593.660828
665.548279
589.108093
638.564148
600.755066
730.178162
452.317780
715.908447
526.685547
810.944641
641.104919
651.938721
532.714233
760.236206
1017.721863
567.248840
577.680664
425.111816
538.518066
601.823120
800.855591
847.763123
679.435120
763.805298
725.218018
600.324219
633.064697
695.469910
683.702087
847.697083
843.203430
469.797363
473.779572
409.544403
345.602539
545.891907
348.378601
792.482117
619.547791
675.771240
826.579590
812.064636
566.939148
539.419800
625.926392
538.800232
724.271545
813.023987
970.190308
441.989166
834.206482
874.905701
572.777710
1077.209595
598.572449
528.170898
569.885864
835.291199
699.166199
530.916565
675.924377
719.839172
444.118103
470.988434
877.675415
508.961639
