843.130798
514.773071
885.725342
746.524353
538.801819
870.076843
881.507690
934.023743
757.695984
463.707336
791.893005
956.049011
836.529663
662.044128
755.536194
623.132385
599.507568
807.793457
641.939453
674.261841
929.535645
608.799011
627.141602
699.310547
776.987122
509.443451
481.913666
648.231873
676.234558
914.329163
672.919067
789.365112
752.013977
717.571350
894.966309
624.690063
793.996155
859.838440
994.180481
451.502075
547.159363
758.079285
541.598877
745.885071
644.315979
898.486145
524.323975
400.103577
880.620178
508.569458
779.010742
700.372131
430.290222
476.086090
775.209473
663.324341
732.724243
873.015259
644.303101
996.723572
633.466858
572.515747
814.841858
542.039490
752.356201
965.577576
918.531250
576.539001
610.701111
861.763550
678.970581
691.723694
787.717590
765.593689
804.874512
836.484070
458.554474
759.882507
794.107178
856.666809
746.464233
845.055664
787.046753
838.953003
938.025757
797.239746
734.449707
811.545227
522.799561
970.419617
707.378540
763.697754
868.061462
780.587463
803.653259
423.198975
979.763977
834.386658
815.198853
858.496765
498.208191
786.664124
571.944397
908.020081
972.317261
756.411377
705.271240
743.182190
708.851990
1005.324646
654.462708
515.903564
888.452881
703.344116
623.623962
655.950684
900.288574
650.878174
538.508057
634.500793
776.019104
925.377197
715.426514
519.224670
575.795959
692.348572
683.721802
790.283813
772.332947
696.902344
568.946411
805.807922
684.395691
981.701294
789.953735
799.007935
695.673035
848.571655
939.396179
778.669556
528.285706
726.723022
931.858032
863.519409
616.375061
803.902649
698.727234
1241.192993
714.855713
660.593689
532.561584
819.768555
566.329529
916.815613
712.834595
965.158813
808.536926
719.194397
993.840637
719.678711
699.401978
510.821869
641.727966
797.524597
801.758789
507.262665
715.603455
718.420471
1018.332947
718.751953
494.001709
499.639404
639.598206
589.919983
767.299500
765.262024
891.110168
896.016235
1009.055176
998.160278
862.010986
1030.589722
809.595886
968.848145
1229.653809
951.662354
793.818848
523.998901
782.691589
820.988403
798.462891
573.547241
813.803589
710.689575
717.728088
834.464661
554.453674
1097.126831
540.967346
607.183228
745.310425
993.766846
905.420532
548.138184
517.852783
1057.639771
635.033569
489.052887
1118.175171
878.037842
603.522888
579.473145
600.298218
607.186157
675.522888
795.044922
951.761292
1011.862549
810.324890
848.703979
734.099060
617.046631
957.084351
883.890808
993.587463
869.270386
1046.780762
639.356506
488.817871
627.881042
755.196228
806.017517
694.684082
860.169861
600.815125
718.461243
843.161804
628.649109
650.971008
1021.434204
810.046204
1140.631714
832.204224
670.459839
789.107361
772.351318
985.068420
892.239502
583.159607
620.800171
739.422607
369.639435
824.471802
767.683472
908.554382
867.369812
795.362549
580.725647
766.054626
412.410400
643.847595
981.598633
611.945923
552.721252
651.870300
811.563599
1004.786682
724.176697
788.151367
450.075317
844.078125
776.293335
1087.149414
511.752472
909.549805
443.609650
739.226501
611.120056
763.330566
741.510315
841.946960
755.615295
789.751160
1022.722412
501.371124
1069.687500
889.352905
729.305359
762.104309
605.407776
678.143860
986.598633
507.032379
657.566284
768.713379
907.620728
612.205139
968.602661
713.252869
609.805786
934.751831
534.608093
990.208069
722.478333
669.160400
739.829712
690.259705
770.023865
799.136841
614.403442
617.455566
644.650085
727.898926
558.152893
763.917236
725.353027
867.587158
681.910645
729.031860
879.742737
579.477356
740.766724
575.696838
830.759888
743.390259
1077.698486
884.872070
649.073792
736.709106
752.583374
558.625671
543.744080
544.545532
654.040344
778.383240
674.207886
673.262024
651.083984
1068.372559
921.164795
542.957397
710.059753
595.062866
660.363098
837.128479
765.778931
674.261597
788.123108
726.501099
811.880493
661.849060
1027.081909
645.819824
951.382874
614.983337
754.140686
817.710754
997.942749
776.490479
595.606018
933.111877
503.036591
534.833435
517.592468
653.084473
745.132141
810.961670
819.706787
658.606506
518.976074
1050.812012
476.971893
896.217529
693.532837
987.493469
1007.457031
703.785400
877.577148
999.289368
944.291199
701.161743
1055.345215
705.460083
756.546692
689.720459
833.292297
614.132812
769.056091
530.113586
792.809753
773.803650
674.069153
693.089661
504.870544
704.968445
634.436646
713.643066
929.048950
877.782288
906.915527
1030.393677
445.347931
550.616760
842.762024
512.390015
797.006104
618.483276
541.860229
517.502869
875.528748
487.204742
678.791748
788.736572
913.721741
879.993896
837.385132
842.696777
619.877563
264.343201
890.061829
794.037659
605.088257
670.747559
1165.103027
896.337708
695.019470
584.483398
689.286194
558.941833
421.290649
530.574341
848.297241
977.037476
1098.663818
875.173401
731.247681
919.976990
876.463135
826.865051
811.000366
638.138245
494.409576
858.522034
1139.708008
773.450867
761.376221
830.000671
1049.515381
973.284363
1007.391724
816.778931
799.583252
547.776245
504.527252
702.696594
1122.997559
924.752869
695.845886
868.463806
671.031982
781.168457
611.136108
604.101013
871.896179
717.537537
631.958679
890.336914
695.837402
789.536682
690.086182
884.953125
749.144165
687.569336
909.709412
1054.148682
989.557983
918.925415
669.331299
836.448914
737.512878
1010.627502
573.841370
942.318237
420.007629
622.101501
798.813599
710.275818
904.027710
702.523132
886.046021
832.650208
934.647949
664.488037
1037.248291
721.627808
755.364807
556.654053
922.099854
599.421326
683.890625
869.878845
820.601746
451.534088
793.909058
480.299835
965.492310
750.230713
963.397278
937.395935
939.350037
792.692078
790.929260
857.176147
829.636780
801.130249
747.947754
616.557617
914.540466
1029.848999
617.699463
830.834473
703.222656
863.515747
894.767944
745.136658
1023.915649
760.808044
369.946533
699.200623
745.103699
883.214844
593.747986
776.197632
895.849304
644.423706
899.829956
735.151489
668.468079
872.767578
703.979858
635.727417
503.472229
525.939819
683.758423
603.087280
930.679810
886.934692
643.347717
992.413147
742.971497
652.653870
862.755005
683.944885
622.486389
666.562927
857.573792
514.263611
621.456604
543.612305
745.978638
646.405396
1027.543945
862.490784
583.873108
799.575256
680.314270
590.825134
610.852966
753.325134
947.062500
766.846924
611.437988
539.447327
1054.310059
552.182800
854.672729
696.078247
673.049072
488.766632
497.992371
703.402466
910.703613
943.348389
723.614990
1091.664185
1092.298218
688.979858
795.959656
663.872375
508.977478
597.572510
919.809387
840.541931
579.138245
704.066895
1008.637512
623.826294
1049.804199
590.521973
716.728210
583.702515
651.827454
933.898132
563.581543
727.511230
583.239929
825.541016
684.946777
677.243408
886.036621
706.575928
666.423462
1027.666504
642.036987
860.102661
696.150208
627.572205
644.527161
936.355042
563.853394
872.965027
604.776917
606.194946
586.914429
624.163330
1084.235352
670.808838
849.180176
513.929443
831.748230
1248.919678
543.424988
844.706848
1014.101074
833.965759
863.528381
669.456970
871.002075
767.103455
1002.596863
954.336731
678.095032
864.293945
711.779663
878.861633
763.606445
667.110229
593.819214
937.285278
847.910828
978.921326
703.692017
761.787537
841.315857
754.282166
654.371094
556.322144
993.886230
626.957336
883.600342
724.133972
769.218323
1036.131348
595.072632
635.882568
889.814819
846.229309
760.599792
945.522644
751.046875
801.393677
549.534668
815.903931
538.814026
885.060425
735.406860
672.786682
651.262207
665.884460
818.892212
638.044373
636.069885
945.012817
843.148743
731.996887
734.509827
623.417358
866.023926
846.408875
858.868225
754.451416
967.945984
769.136780
1054.087158
935.510986
703.838684
576.396179
419.654572
843.414917
843.079468
472.168091
555.094727
889.389526
628.219360
813.584290
545.001831
747.754639
963.240295
793.502197
743.224243
728.435852
951.299316
970.393860
807.549438
880.644836
857.334412
615.045898
1096.969849
482.440399
751.687317
464.007263
527.216064
1041.492188
896.584778
750.367310
687.517944
964.438232
778.964966
815.458984
686.888306
756.756897
683.913574
809.015442
881.167053
726.634705
890.861938
647.746460
584.446960
465.512726
871.203979
651.344177
503.897797
710.268005
475.399261
647.140625
881.572388
395.274658
858.530884
619.806030
835.660950
929.181580
412.050812
881.292969
442.634857
675.389404
754.554382
639.663391
625.831909
884.739136
843.353821
735.647766
953.801086
840.651611
882.285339
857.721497
636.255066
430.983521
589.362915
780.511414
1021.164795
893.922668
1135.519653
679.003723
622.506958
521.848999
630.703918
455.935669
606.923157
753.175903
688.281616
562.308899
543.114380
846.337097
577.433105
850.046265
666.954590
491.665741
918.541077
652.025024
718.481873
509.411926
997.941406
803.358948
472.108185
887.047729
627.200195
716.021179
872.474121
651.265564
893.937378
799.962708
794.503601
589.812439
952.681335
717.807434
778.096558
698.821045
814.829956
662.972961
894.366943
1000.184387
627.257202
542.513489
627.460815
712.759766
985.636719
694.425903
1003.596252
476.090210
703.437317
567.955627
614.247375
766.483826
925.492432
621.002014
787.287659
655.040894
659.910645
740.064392
841.439941
919.937012
767.986206
604.250671
860.396667
450.969666
721.654358
945.655151
800.646057
632.771973
748.815186
912.942749
812.325928
582.664978
879.064636
458.830353
897.004272
455.418243
541.474976
891.282959
713.428040
1014.750366
779.759033
889.577820
823.393860
932.434448
789.846497
1114.912354
621.112244
955.461975
615.370789
784.145325
811.683594
730.240906
792.246582
858.594666
1096.634521
980.189148
759.111328
881.647339
536.118530
856.509521
756.291504
652.750854
728.064026
792.311523
838.048523
806.845825
560.520203
792.160583
1258.453003
1127.953979
867.469482
741.929626
875.533508
1022.915894
676.232849
769.812256
999.624512
714.198547
799.703918
647.448730
878.115601
820.021667
673.130005
562.532349
788.149292
771.033020
1034.052490
497.982025
760.469238
1087.337646
769.012817
812.974060
964.006958
867.774536
975.213440
970.578552
654.609375
721.550110
716.751160
975.559753
797.106506
865.733215
798.843811
763.949097
687.092712
623.164185
865.901428
839.514160
930.520447
768.723572
1165.789795
652.056396
687.393066
814.948242
833.049988
912.587524
678.256104
860.610779
799.749695
1005.157776
1132.610840
530.851135
882.047119
915.683167
660.596436
932.193970
811.788513
565.985352
752.569397
570.921936
677.581604
451.669067
572.697327
897.635559
858.885559
553.736938
989.106567
821.784546
561.343018
570.680359
602.974854
514.503845
803.662537
869.423096
677.958679
433.641541
912.128235
704.198547
590.840515
619.736511
963.857849
518.612000
972.865784
921.039734
870.633179
941.432007
669.225220
1185.183350
591.112122
552.980103
774.764282
538.337219
676.838318
704.462402
822.369507
823.160522
727.780579
580.723694
949.579407
740.603210
742.993774
923.957336
468.874176
960.370789
918.193176
993.010010
951.521912
897.363342
838.615540
1058.393311
717.303833
972.974854
901.983093
672.318115
487.155640
829.848328
529.420776
560.225037
858.695190
