746.339722
534.896667
847.083862
385.257355
841.654602
484.366058
739.687073
737.076538
638.088318
502.704071
738.659851
735.400879
493.652283
507.954712
691.269104
730.736877
541.469910
735.628113
700.614929
698.206360
610.152710
626.929016
700.530701
910.412292
741.109985
612.979675
551.882935
967.517090
513.173767
878.279541
847.398987
708.353577
925.546021
494.339569
518.196716
400.647003
680.757324
470.015930
564.686829
596.542603
602.753479
683.684875
497.443268
630.842285
812.306458
727.804871
664.799255
554.817322
698.907410
456.978851
554.833069
979.801453
602.964539
882.124207
886.064941
864.738708
374.065582
622.438843
651.869385
907.924561
602.779114
630.356873
778.257690
706.864868
714.625549
1055.154541
679.274536
530.422852
806.386536
799.321777
750.278992
1064.629272
766.979858
329.416992
812.258057
470.980835
561.909485
905.254883
461.751862
604.660706
685.537964
924.019348
661.105835
417.913818
540.101135
367.121216
783.782959
875.873230
891.443298
522.681213
732.833313
662.745728
475.872894
359.830078
677.629333
666.540039
814.004761
511.810547
570.724915
841.742493
396.938232
852.279602
952.171509
492.331390
722.764709
688.782471
700.581299
758.940796
669.243225
637.049988
731.623108
706.220642
695.883301
641.200928
897.563599
600.617981
607.521667
725.109131
759.803711
584.161011
727.941589
576.977539
613.675964
841.849121
809.051758
512.441833
760.918335
685.242249
909.152832
733.741943
749.183350
706.610657
429.853607
970.105469
641.477600
582.691406
676.987427
711.113403
662.252747
815.546631
779.647156
589.553406
601.108459
936.998291
633.928833
727.446899
475.962372
919.814758
620.139282
709.796509
805.798645
1040.186768
890.551697
530.359192
720.194824
755.263611
487.530853
501.813538
713.077393
905.756775
727.823730
843.819580
540.122681
460.363464
985.807800
1001.032837
513.353638
712.619263
863.917969
668.214844
621.819336
393.018219
554.047546
897.386292
825.368958
904.894043
582.801941
368.976776
882.735413
582.207642
654.646912
1064.247925
626.478699
507.711731
755.038635
447.283722
387.662231
818.169373
718.972107
800.363098
791.512756
405.035492
732.697693
735.591675
766.762634
528.995911
543.325867
888.266541
530.550964
667.739380
910.721741
800.805054
564.983154
657.044556
660.046692
695.879761
728.365845
755.570557
647.505066
349.760284
893.724854
673.920837
813.160889
553.535767
536.501648
611.697205
935.792114
577.161743
570.671204
693.823792
603.484619
583.765686
548.211426
553.649292
782.230164
695.915283
869.955139
517.925659
687.872131
625.603760
499.539062
693.379517
548.931824
888.999023
496.251923
410.969513
625.425110
568.438232
471.402100
874.576416
577.697083
634.274597
707.751587
756.118774
655.870117
697.164001
626.230042
592.507996
828.648621
693.890930
868.364258
685.114990
724.869324
540.266541
952.080078
843.823669
608.621948
1050.120483
950.495544
700.127075
1015.060913
504.202423
486.081085
795.103882
488.926849
456.756134
661.221497
705.875732
531.984558
673.553711
575.207947
672.701050
489.105835
510.638306
898.202026
865.283386
551.763245
811.422302
563.044067
675.240784
583.039856
633.220154
915.515381
1059.763306
624.132874
648.700989
745.427795
655.358459
685.063232
580.278687
768.733826
1015.477722
896.517822
869.069946
761.598389
460.203461
619.950439
788.765076
641.601624
492.756683
668.546143
756.123047
482.463928
666.474976
607.230164
724.022705
762.618347
888.151855
588.603455
596.512146
438.532837
334.102936
952.488892
613.836060
807.313599
507.340729
623.562622
557.212341
662.140564
760.727600
764.285034
534.330505
848.869385
715.593933
1020.943909
951.753174
813.919128
942.873291
452.011871
582.463379
759.071594
854.812378
486.629272
911.769531
378.566437
454.775970
730.197571
507.704224
739.917358
735.062622
492.759003
595.388245
644.875854
834.895691
483.722534
618.101440
382.754456
918.713501
635.338928
533.398132
719.132324
880.393433
574.913208
568.933533
709.045837
769.366150
571.738037
1020.450684
715.734253
749.833435
682.601379
767.650635
610.126404
458.983459
483.998138
585.451843
653.349487
904.211792
942.415955
783.206421
728.483704
719.259644
572.220520
622.231079
818.681274
638.878540
813.210693
834.490906
991.279236
776.954834
815.103943
851.081482
801.217957
649.567749
530.310120
689.792480
448.662720
854.727295
352.230774
808.660278
814.122192
660.999634
462.101624
877.047852
615.535583
763.434448
561.157959
725.342957
712.638306
914.383606
632.578857
644.734985
866.778015
796.822937
647.653564
663.868896
543.072449
967.303162
592.110046
763.482178
725.275940
1061.867310
678.740845
830.547668
732.487000
827.210510
808.371033
582.597961
736.337952
688.889404
530.984802
693.346375
774.365845
1001.722473
739.746704
510.363098
440.517548
777.217407
616.277649
677.322510
579.635681
802.878052
743.593811
922.942261
582.498779
738.551025
701.959839
952.334229
1000.702820
576.014526
748.809998
592.047791
538.721375
1173.989258
614.813049
898.374207
746.149353
1006.523193
585.855286
569.323608
340.784302
577.125549
592.708313
739.457153
446.253326
638.143372
635.298767
606.799561
614.762268
587.720459
504.605530
866.430908
528.662170
779.289001
686.930725
705.275330
860.407654
933.281555
732.323120
885.310913
883.571228
671.184265
481.007874
1032.302856
825.430237
778.775208
782.967957
727.725891
661.425781
785.585022
573.205566
617.197144
558.765198
635.890503
435.070923
949.866760
744.934753
878.153259
758.115845
875.338257
974.327942
510.433289
774.042664
776.061584
731.021606
673.796326
691.598816
572.597900
415.576996
751.313843
686.388245
581.645081
458.080231
735.843994
516.758667
769.681702
519.488892
773.435120
779.230652
871.729065
869.281372
626.965820
824.726318
912.596069
642.270813
470.622162
616.751282
923.173767
981.068481
521.817017
791.478516
649.484741
761.378174
538.897766
668.411377
1020.168274
562.291016
623.809998
547.201538
607.445007
888.543762
751.293274
931.514526
608.280090
634.398743
761.316345
712.829773
668.347534
774.193298
640.554626
707.380066
401.599518
488.520996
528.344849
699.642395
816.666809
1137.548706
901.199585
483.061157
806.326355
774.164551
855.914673
897.907288
794.582336
1084.449951
823.731995
809.393250
534.360840
876.778687
611.730652
601.588135
874.393433
424.419250
650.165527
703.604248
701.366394
494.614502
739.810425
586.053650
778.806885
793.720764
451.696991
933.854736
927.311646
854.396851
862.565613
769.525513
448.041504
919.537537
749.880981
1096.803589
681.433838
813.016785
617.314941
851.130737
793.903320
331.077179
644.625610
744.866028
541.613342
827.624817
465.223785
522.410645
732.239685
615.982666
1045.760742
827.388367
603.357239
633.744507
656.151489
580.877014
864.115051
730.779846
803.810486
558.983032
762.452881
433.909790
765.831726
704.101318
763.064148
673.295105
654.349609
787.492798
625.344055
882.903015
588.361023
614.894653
766.008911
890.037476
700.167175
310.482056
646.195862
571.959473
694.629700
638.173767
869.353699
681.857727
812.647705
643.788208
736.915344
844.214539
623.771973
784.740479
1169.341309
512.888611
643.613342
545.995422
578.746399
923.703369
611.625854
933.657104
687.058472
844.714905
571.885315
791.571655
788.717407
888.653625
827.106140
584.934753
833.568176
805.323181
746.326050
684.039856
812.410828
456.083221
647.851807
609.320984
793.775513
837.590332
583.249084
670.542969
927.764526
838.538879
545.272705
826.496460
738.324707
801.563538
399.392639
818.765198
617.402405
640.783875
564.320618
453.277435
709.897705
731.879456
611.824646
892.739380
663.215332
581.253174
1019.982910
786.268311
382.471771
468.472260
777.358765
833.299316
529.568726
745.087036
998.002197
1160.977905
748.679382
671.566956
639.779907
980.564453
686.190552
694.208008
626.734253
738.902649
552.690125
915.569763
743.072205
438.646667
595.087280
440.118103
661.774536
817.019775
669.386414
606.708008
813.786133
451.880249
723.573120
948.085266
838.416504
801.291016
716.150635
527.686951
655.029114
691.694336
512.859070
836.164795
545.062012
565.212830
539.190796
654.802063
839.178650
607.560425
272.151367
611.509949
460.878784
822.625977
768.418823
760.940186
965.637817
474.356873
665.266479
598.331543
1090.237427
589.452881
667.654846
599.971558
811.630676
771.903687
434.047974
737.306824
528.624390
556.573853
780.942017
355.254944
748.337585
963.375305
690.306030
803.174255
502.868195
859.852173
486.185150
698.574524
842.987671
732.952026
433.360443
862.238708
825.415344
757.311707
803.379272
675.712769
803.829041
653.265930
718.215515
548.725098
782.517517
619.663269
622.631775
549.789185
831.016602
575.987244
627.432434
705.133423
657.895935
274.613861
508.721802
518.179810
893.316284
549.910034
1000.193848
1028.905273
646.652283
532.392456
885.478210
794.701721
832.183716
821.106812
440.427734
690.954956
725.794495
888.229248
584.747681
860.700806
918.450867
912.373718
919.714355
973.798523
831.852844
679.788208
722.322388
728.208313
888.306091
716.239563
768.197388
685.259583
521.965027
833.987000
847.871094
934.980225
645.324768
529.821960
824.133118
884.278809
562.362427
859.922546
901.598328
474.552155
697.539124
669.492798
709.848694
664.284973
490.762543
716.432312
719.222351
674.663330
726.503967
522.104919
867.297974
447.530823
741.922791
903.196777
746.005493
878.248352
572.012390
1007.526367
641.372803
739.205017
745.323303
531.719543
390.894745
889.058411
809.082275
535.412170
763.948425
802.900085
871.693359
516.282776
659.937988
823.454285
672.463989
598.238159
974.206970
555.106140
869.472412
576.474365
763.218140
877.739868
558.073792
840.297546
963.185303
592.545471
819.444824
695.984497
740.033508
978.343994
499.973328
763.878174
686.855774
722.476196
909.893433
745.247375
868.760620
886.190002
915.794128
642.410706
760.831604
647.923157
689.484619
625.217224
865.479065
662.727356
585.724609
802.860413
695.175598
799.743408
485.814789
650.138855
1050.789551
465.380615
600.052185
739.650757
903.843323
524.111206
533.440613
813.354980
636.885437
648.384155
731.885742
844.393799
484.685303
747.954773
590.662109
941.624023
829.965942
778.458862
527.594849
813.638428
744.588074
875.977051
509.765015
784.817261
495.177277
734.699951
476.231995
683.677673
512.188843
825.544373
873.199524
506.653931
830.487244
541.096375
428.622620
345.517120
716.618958
492.099792
743.689209
643.176453
608.525696
1012.143799
903.268250
787.366455
645.145325
500.954803
712.035522
632.100220
712.416077
652.995728
558.470154
816.189453
599.501709
783.513062
339.990509
799.052734
479.650299
667.375549
803.840210
887.401672
633.213257
579.476562
568.956238
771.847290
647.340820
909.640015
771.274841
1046.899414
802.263733
481.460815
837.008850
725.322693
799.959778
608.889709
767.824097
941.406189
590.166626
484.940308
725.557861
551.167664
660.703979
761.023621
377.599060
820.257446
738.509216
680.887451
737.009338
863.296326
614.852844
626.529053
831.697388
753.187134
744.651489
529.869873
642.822998
685.686890
751.825256
589.062744
818.158997
816.299438
679.375244
876.144653
818.811890
942.473206
885.281067
670.123108
714.930603
813.666260
800.256958
538.229736
506.928436
