2 16 15 4 11 5 3 12 9 18 10 1 8 19 14 13 7 17 6
1 15 16 3 12 7 13 8 6 18 9 11 5 17 4 10 14 19 2
19 2 15 16 11 18 5 13 6 12 1 9 8 14 4 10 7 3 17
19 14 2 7 11 1 17 16 8 12 3 10 13 6 18 5 9 15 4
1 15 4 18 16 7 12 5 13 3 10 17 11 8 9 2 19 6 14
3 2 13 11 1 10 15 5 9 7 8 16 18 4 6 14 17 19 12
5 10 8 14 3 19 9 15 13 18 17 12 16 2 6 4 1 11 7
13 19 18 3 16 5 7 9 12 17 4 11 15 14 1 2 6 10 8
5 10 14 2 11 17 12 9 3 19 13 15 6 1 4 18 16 7 8
5 13 15 14 19 7 9 17 12 1 8 6 18 11 16 3 4 10 2
17 16 13 1 10 5 11 7 14 6 2 9 15 8 4 3 12 18 19
13 16 1 9 18 19 7 6 11 8 15 5 3 14 2 4 12 17 10
17 8 2 6 14 5 7 19 10 4 16 12 3 11 9 18 1 15 13
1 8 6 11 14 17 19 7 2 9 10 16 15 12 5 4 13 3 18
18 9 2 13 14 15 12 6 11 19 4 5 3 10 16 1 8 17 7
5 11 7 17 18 13 2 4 1 10 9 14 3 12 19 15 8 16 6
17 7 12 13 1 10 3 16 15 14 19 4 5 2 11 6 9 18 8
1 2 17 14 5 7 3 8 19 13 10 11 16 12 9 15 6 18 4
13 2 7 4 9 14 8 18 17 1 5 16 11 10 15 3 12 19 6
14 11 8 18 4 5 15 2 19 13 3 1 10 16 9 17 7 12 6
14 10 5 8 12 6 18 19 7 9 15 16 2 4 11 13 1 17 3
4 10 12 11 13 17 6 2 14 19 18 7 8 9 1 15 3 5 16
15 10 7 14 6 17 9 8 1 19 5 4 12 13 18 16 11 3 2
9 16 17 7 8 18 5 10 1 19 15 3 4 13 14 11 6 2 12
19 4 15 3 10 2 8 11 13 5 1 14 18 7 17 6 16 9 12
1 12 4 8 16 13 11 6 2 3 9 10 5 15 7 19 18 17 14
10 5 19 14 1 15 11 7 13 3 18 2 8 9 16 17 4 12 6
5 7 11 16 2 8 4 9 19 13 1 17 12 3 14 18 6 15 10
12 17 4 3 7 18 13 16 6 2 8 1 11 15 14 10 19 5 9
18 7 3 12 4 11 13 14 19 6 1 8 9 15 17 2 10 16 5
17 16 1 6 3 11 13 18 15 4 19 12 14 9 2 8 7 5 10
11 19 16 4 15 17 3 14 2 1 9 18 6 7 13 5 10 8 12
9 8 14 6 10 4 15 18 11 12 17 19 16 5 3 13 1 2 7
15 13 10 4 14 19 1 12 2 8 9 18 11 3 6 17 7 5 16
6 11 9 17 2 12 5 1 10 18 15 8 7 13 19 3 16 4 14
6 14 18 11 13 3 4 15 12 16 9 17 10 7 5 8 1 19 2
13 4 14 2 6 16 10 19 7 17 5 11 12 3 15 1 9 8 18
9 3 18 11 17 13 15 14 12 6 10 16 8 1 19 4 2 5 7
14 19 15 3 11 8 12 6 1 2 10 18 17 13 4 16 7 9 5
11 18 15 12 9 13 3 10 16 6 2 19 4 17 8 14 5 1 7
14 3 17 4 11 19 6 7 9 13 5 1 8 2 18 10 12 15 16
8 4 2 15 14 9 7 17 6 19 11 10 3 16 12 5 13 18 1
18 15 11 17 9 2 14 10 3 13 12 19 7 1 16 8 4 6 5
17 8 15 19 9 18 4 3 6 13 10 2 16 11 1 12 14 7 5
6 9 12 1 7 14 3 15 5 17 2 8 16 13 4 18 11 10 19
3 12 7 8 5 14 2 1 11 16 10 9 17 13 15 4 19 6 18
3 4 12 15 17 9 8 19 16 5 2 18 7 10 11 6 14 13 1
5 17 7 9 4 19 10 12 18 13 3 16 11 15 6 2 1 8 14
8 13 15 7 3 6 5 19 18 17 11 16 10 9 14 1 12 4 2
7 6 17 12 18 16 8 5 11 3 4 1 13 2 10 19 14 15 9
5 10 13 15 9 16 11 19 6 8 7 14 17 3 12 2 18 1 4
15 10 7 16 14 19 8 6 11 12 4 18 3 2 17 13 5 1 9
6 9 14 19 12 1 7 16 2 11 8 13 18 10 15 5 4 3 17
18 8 7 12 11 17 1 5 19 14 6 16 9 10 13 15 3 4 2
2 10 16 13 14 8 11 5 4 1 7 9 17 19 3 12 18 6 15
18 1 11 10 15 2 5 8 16 13 12 3 19 14 4 6 7 9 17
4 11 5 19 16 2 15 1 17 6 8 13 14 3 10 9 18 7 12
17 11 18 5 14 10 2 4 13 15 19 3 9 1 12 8 16 7 6
18 3 6 17 8 1 12 11 2 5 19 4 14 15 7 16 13 10 9
16 12 10 2 14 11 6 4 9 7 5 18 15 19 1 13 3 17 8
5 19 17 18 12 11 15 10 6 7 3 1 8 4 9 13 2 14 16
19 3 15 8 9 17 6 16 14 13 2 18 4 1 7 11 12 5 10
19 7 17 2 12 8 3 5 16 9 11 18 1 13 4 6 15 10 14
5 16 8 15 3 12 10 13 2 6 18 9 7 11 14 19 17 1 4
1 12 7 14 15 6 16 17 11 10 8 13 2 9 19 18 4 5 3
7 10 3 4 6 19 11 8 5 15 2 17 1 16 14 18 13 12 9
2 12 10 8 1 3 13 7 5 17 11 19 16 18 4 9 6 15 14
15 9 14 19 12 17 16 2 6 1 8 5 13 11 10 7 4 3 18
13 8 11 9 4 5 2 16 14 1 12 3 19 10 18 7 6 17 15
10 12 4 9 16 2 15 6 14 13 18 3 8 11 7 19 17 5 1
19 2 5 1 10 18 8 9 3 6 7 16 13 14 17 15 11 4 12
15 2 13 9 19 17 1 3 4 7 14 8 6 18 16 12 10 5 11
2 5 4 8 14 3 17 7 12 9 18 10 1 16 11 19 13 6 15
7 15 8 14 9 19 16 10 17 11 12 6 18 13 1 2 3 4 5
2 4 3 9 19 11 15 7 18 17 6 5 10 14 16 1 8 13 12
2 19 12 9 1 3 4 11 10 13 15 16 5 18 17 14 7 6 8
10 15 12 14 18 1 7 16 13 19 6 8 4 5 9 17 2 3 11
5 4 17 7 6 18 11 9 3 10 1 14 16 15 13 19 2 12 8
4 17 2 14 19 11 12 9 18 10 6 16 5 1 13 15 3 7 8
10 13 16 6 18 3 5 7 19 2 12 11 14 9 15 1 4 8 17
14 11 4 1 8 9 13 7 12 2 16 18 3 15 19 5 6 10 17
13 14 18 10 11 3 9 17 15 4 16 5 6 2 8 7 1 19 12
2 9 3 10 16 1 13 18 7 4 12 17 19 5 14 15 11 6 8
19 7 15 5 1 8 4 17 12 2 16 11 18 3 14 10 13 9 6
16 3 4 10 7 2 11 14 5 17 15 8 19 18 1 12 13 6 9
14 18 4 16 7 19 10 12 5 9 6 15 3 1 17 11 8 2 13
10 4 15 6 3 8 7 1 5 13 12 14 11 19 17 2 16 9 18
12 16 1 5 15 4 17 19 14 13 8 7 10 2 3 18 6 11 9
5 13 18 12 11 14 8 19 9 3 1 6 10 4 7 15 17 2 16
11 3 17 14 7 6 2 9 19 13 12 8 18 10 15 16 5 1 4
10 7 1 19 4 16 2 11 15 14 9 3 6 8 18 17 13 5 12
7 4 13 18 3 19 17 10 14 16 6 1 11 12 2 15 9 5 8
7 14 15 13 9 8 5 3 12 4 11 17 2 1 10 16 18 6 19
3 2 9 1 17 11 7 4 19 16 6 14 5 18 15 13 12 8 10
3 13 6 1 4 10 2 16 5 8 15 14 12 19 9 18 11 7 17
5 11 2 14 6 10 17 12 15 9 4 19 8 7 3 13 1 18 16
19 1 11 18 6 17 5 16 4 7 15 9 10 12 2 13 3 8 14
11 12 16 17 10 14 1 5 3 6 4 8 15 9 13 2 18 19 7
19 10 6 11 3 13 15 12 18 14 8 1 4 5 2 9 17 7 16
6 11 13 18 2 15 10 14 12 17 3 19 8 1 16 5 9 7 4
