672.872985
520.469078
594.311986
503.533916
536.910829
555.881239
820.848231
754.080020
785.973900
514.672748
634.020796
802.488606
587.734283
524.660345
652.834700
502.587361
507.753470
574.240020
606.763265
704.623947
798.159223
578.472721
511.242700
768.336213
637.337918
607.308087
582.758989
723.365091
561.829998
704.469814
720.176074
588.516279
567.684262
609.474762
589.727971
497.188410
519.288913
616.595718
605.177023
612.582950
592.555944
673.399660
503.322168
553.626979
732.754779
615.356803
560.693081
555.769718
608.042528
509.403603
596.830107
751.210182
581.062401
546.992715
548.685871
533.769080
499.712038
767.396057
544.993021
822.379089
568.105706
549.524625
601.187944
539.313793
757.988468
778.018566
759.073841
818.803290
536.029430
554.091603
665.941897
755.634305
739.579033
574.615219
781.712301
554.875207
505.940908
739.741097
613.461395
761.175164
611.880340
635.684996
767.210822
552.266761
743.117403
588.080585
653.833580
771.641735
579.016918
764.916571
736.698642
624.104307
758.709757
478.686129
506.543255
594.088428
781.924217
778.597135
668.119027
804.577064
